#t x y z vx vy vz
0.00 -476.22 491.44 -412.41 45.33 101.98 142.02
0.07 -472.95 498.95 -402.04 48.24 106.43 147.11
0.14 -469.31 506.75 -391.36 58.54 111.42 150.78
0.21 -464.94 514.98 -380.31 63.15 116.57 159.98
0.29 -460.10 523.46 -368.46 71.81 123.80 170.88
0.36 -454.54 532.59 -355.76 81.39 129.04 183.43
0.43 -448.10 541.96 -342.36 96.31 133.64 191.17
0.50 -440.90 551.43 -328.53 108.41 135.03 202.87
0.57 -432.44 561.14 -313.84 130.05 136.89 210.53
0.64 -422.29 570.89 -298.25 153.81 133.87 222.67
0.71 -410.45 580.34 -281.70 177.90 126.65 235.18
0.79 -396.70 588.86 -264.64 205.43 113.67 242.97
0.86 -380.91 596.26 -247.17 236.44 93.19 247.58
0.93 -362.70 601.80 -229.41 263.46 59.80 245.41
1.00 -343.30 605.11 -212.11 280.17 32.02 237.29
1.07 -323.07 606.34 -195.61 287.86 1.99 220.24
1.14 -302.65 605.52 -180.45 286.57 -25.17 203.89
1.21 -282.30 602.79 -166.47 281.44 -53.33 186.60
1.29 -262.54 598.36 -153.56 271.24 -68.65 175.54
1.36 -243.40 592.97 -141.35 262.72 -81.43 164.15
1.43 -224.84 586.56 -130.16 256.69 -96.41 150.28
1.50 -206.97 579.30 -119.82 244.56 -107.60 139.31
1.57 -189.86 571.29 -110.35 237.02 -115.52 129.87
1.64 -173.30 562.82 -101.42 227.44 -122.79 119.67
1.71 -157.33 553.80 -93.08 217.69 -131.03 112.43
1.79 -142.17 544.24 -85.40 207.54 -135.56 104.80
1.86 -127.68 534.38 -78.19 199.09 -141.78 98.46
1.93 -113.68 524.06 -71.44 190.69 -147.65 90.26
2.00 -100.29 513.29 -65.17 182.50 -155.01 84.07
2.07 -87.64 502.08 -59.30 171.14 -157.58 79.95
2.14 -75.69 490.79 -53.86 168.15 -157.20 73.46
2.21 -63.99 479.38 -48.94 156.66 -161.27 68.14
2.29 -52.98 467.62 -44.13 149.97 -165.40 63.31
2.36 -42.38 455.61 -39.88 144.11 -170.01 58.47
2.43 -32.36 443.39 -35.73 134.61 -170.64 56.20
2.50 -23.06 431.08 -31.83 124.32 -176.33 51.56
2.57 -14.37 418.42 -28.18 116.46 -179.03 47.27
2.64 -6.25 405.46 -24.91 111.43 -185.65 44.29
2.71 1.36 392.09 -22.01 102.79 -186.96 38.35
2.79 8.54 378.66 -19.49 97.64 -189.99 33.24
2.86 15.21 364.89 -17.08 88.89 -195.97 29.90
2.93 21.00 350.72 -15.07 76.87 -200.40 24.60
3.00 26.23 336.34 -13.36 68.86 -203.27 21.76
3.07 30.76 321.64 -11.78 58.22 -207.92 18.73
3.14 34.52 306.55 -10.59 47.63 -213.86 15.54
3.21 37.49 291.15 -9.83 36.78 -218.24 8.78
3.29 39.50 275.33 -9.48 20.88 -223.21 3.25
3.36 40.36 259.28 -9.35 4.84 -228.19 -0.96
3.43 40.20 242.82 -9.53 -13.28 -231.92 -7.11
3.50 38.43 226.07 -10.27 -32.21 -238.68 -14.07
3.57 35.50 208.78 -11.49 -54.35 -244.94 -20.52
3.64 30.87 191.18 -13.29 -79.97 -246.20 -32.18
3.71 24.00 173.66 -16.03 -113.68 -243.07 -44.04
3.79 14.48 156.60 -19.65 -152.04 -232.36 -56.77
3.86 2.47 140.76 -24.24 -188.06 -210.42 -71.71
3.93 -12.02 126.70 -29.65 -219.98 -178.97 -81.14
4.00 -28.67 115.67 -35.70 -246.17 -128.95 -86.15
4.07 -47.00 108.42 -41.57 -260.07 -70.27 -78.51
4.14 -65.32 105.74 -46.97 -250.82 -1.98 -66.69
4.21 -82.23 108.14 -51.00 -219.33 69.45 -47.06
4.29 -96.03 115.23 -53.70 -166.16 123.71 -29.06
4.36 -105.59 125.36 -55.00 -104.65 154.61 -10.29
4.43 -111.04 137.01 -55.05 -46.87 169.03 6.86
4.50 -112.60 149.11 -54.13 1.30 169.70 16.36
4.57 -111.12 161.09 -52.68 39.51 165.45 25.65
4.64 -107.07 172.70 -50.59 71.79 160.42 30.74
4.71 -100.87 183.86 -48.17 100.63 153.76 39.51
4.79 -92.71 194.45 -45.02 125.21 145.92 49.60
4.86 -82.91 204.63 -41.14 148.54 137.67 59.54
4.93 -71.64 214.18 -36.40 167.30 129.80 71.99
5.00 -59.15 223.24 -30.84 183.17 123.05 85.70
5.07 -45.28 231.98 -23.99 206.18 120.58 106.49
5.14 -29.80 240.37 -15.12 230.53 113.38 144.49
5.21 -12.44 247.62 -2.60 255.38 86.44 213.28
5.29 5.41 250.79 15.27 232.29 -6.19 277.15
5.36 20.03 247.46 34.68 179.66 -81.36 260.14
5.43 31.44 240.48 51.84 142.09 -112.77 221.15
5.50 40.69 231.85 66.18 117.75 -131.76 184.20
5.57 48.55 222.06 78.45 94.39 -142.64 156.86
5.64 54.85 211.45 88.70 77.64 -149.68 128.55
5.71 59.98 200.52 97.14 62.94 -158.03 104.48
5.79 64.13 189.07 103.88 50.52 -162.13 81.80
5.86 67.27 177.33 108.81 33.81 -167.49 58.05
5.93 68.70 165.20 111.96 20.19 -167.59 36.58
6.00 69.91 153.20 113.75 6.92 -168.65 11.76
6.07 70.41 141.47 114.09 -4.02 -166.26 -11.18
6.14 69.32 129.65 112.12 -18.62 -160.99 -36.45
6.21 67.43 118.37 108.39 -31.98 -155.34 -65.91
6.29 64.53 107.72 102.60 -47.01 -142.25 -98.36
6.36 60.44 98.20 94.15 -63.93 -125.66 -129.63
6.43 55.39 89.95 83.64 -76.70 -102.65 -162.53
6.50 49.58 83.75 70.83 -89.36 -71.81 -197.69
6.57 42.60 80.22 55.64 -102.23 -25.93 -228.47
6.64 35.22 80.49 38.35 -107.50 34.56 -254.40
6.71 27.34 85.66 20.13 -99.78 115.47 -253.71
6.79 20.93 96.59 2.96 -75.96 186.32 -217.87
6.86 16.61 111.70 -10.34 -39.54 224.76 -151.73
6.93 14.88 127.85 -19.00 -8.11 231.36 -89.83
7.00 15.28 143.70 -23.37 19.78 216.58 -37.57
7.07 17.27 158.10 -24.49 39.34 195.25 4.17
7.14 20.69 171.04 -23.05 55.15 172.49 36.22
7.21 24.91 182.19 -19.74 66.21 145.81 62.18
7.29 30.00 191.22 -14.22 77.22 120.01 85.98
7.36 35.70 198.99 -7.71 85.86 91.25 104.28
7.43 41.99 204.32 0.15 93.21 64.47 121.37
7.50 48.71 207.97 8.98 99.17 32.69 134.50
7.57 55.89 209.87 18.61 103.34 2.72 144.63
7.64 63.01 208.82 28.77 103.23 -29.83 153.58
7.71 70.97 206.01 40.65 102.66 -64.63 161.60
7.79 78.42 200.20 52.32 104.91 -101.45 162.89
7.86 86.01 191.67 64.11 102.30 -140.15 161.74
7.93 93.55 180.03 75.90 96.01 -186.16 156.83
8.00 100.19 165.30 86.60 89.76 -231.28 142.98
8.07 106.03 146.52 95.97 72.86 -283.66 115.40
8.14 110.18 124.89 102.53 45.60 -328.09 67.99
8.21 112.09 100.45 104.61 10.04 -353.00 -5.35
8.29 110.93 76.07 100.83 -36.15 -327.91 -89.01
8.36 106.64 54.99 91.39 -72.42 -263.14 -149.40
8.43 101.30 39.36 80.04 -84.42 -187.08 -178.38
8.50 95.47 29.19 67.72 -86.59 -115.26 -181.19
8.57 89.88 23.37 55.92 -80.48 -51.76 -172.32
8.64 84.72 20.92 44.62 -74.29 -4.66 -153.15
8.71 79.94 21.56 34.92 -57.25 37.50 -126.19
8.79 76.79 25.27 27.62 -40.71 70.37 -96.86
8.86 74.56 31.11 21.86 -23.05 95.29 -65.11
8.93 73.84 38.59 18.71 -1.07 116.09 -30.04
9.00 74.21 46.71 17.64 16.77 131.73 3.58
9.07 76.13 56.59 19.09 37.53 140.55 40.91
9.14 79.17 66.44 22.85 61.26 143.78 83.85
9.21 84.45 76.70 30.38 85.36 140.50 127.83
9.29 91.51 86.57 40.80 116.30 128.08 175.53
9.36 101.87 93.48 56.52 149.53 97.35 229.67
9.43 113.26 98.65 73.97 179.89 37.67 281.26
9.50 127.94 96.83 96.00 208.71 -56.16 310.12
9.57 142.64 87.86 116.61 204.72 -173.67 286.98
9.64 154.91 73.70 132.68 165.63 -246.12 205.73
9.71 163.91 57.20 142.87 118.84 -259.09 124.86
9.79 170.02 40.76 148.62 75.33 -241.65 59.49
9.86 173.70 26.46 150.54 43.94 -211.07 11.32
9.93 175.94 13.87 150.47 14.02 -178.08 -25.62
10.00 176.69 2.74 148.01 -7.60 -140.50 -58.18
10.07 174.86 -3.42 142.82 -29.91 -99.14 -84.94
10.14 173.05 -8.47 137.77 -47.14 -53.74 -103.62
10.21 170.46 -12.54 131.40 -62.23 -1.84 -119.53
10.29 165.87 -7.98 123.93 -74.48 54.05 -124.01
10.36 160.87 -5.16 115.71 -85.27 119.46 -124.13
10.43 155.66 7.62 108.89 -83.04 195.00 -103.65
10.50 151.16 22.91 104.19 -59.97 274.81 -50.46
10.57 150.09 41.03 105.10 -1.15 317.78 43.57
10.64 151.50 61.51 109.79 67.89 273.73 135.68
10.71 157.60 74.85 120.00 112.47 191.75 180.14
10.79 165.78 84.85 132.25 135.23 107.74 192.60
10.86 175.16 90.68 144.84 141.63 36.44 186.01
10.93 184.46 91.00 156.46 137.27 -22.74 169.83
11.00 192.90 85.36 165.53 131.55 -78.74 144.46
11.07 199.22 75.77 171.35 116.80 -124.62 113.63
11.14 209.18 71.66 182.28 96.46 -166.37 77.94
11.21 213.26 57.56 183.91 66.18 -198.47 33.85
11.29 215.28 44.36 182.99 30.97 -222.45 -14.66
11.36 212.99 28.57 176.45 -12.74 -234.03 -77.23
11.43 215.61 13.97 175.48 -69.34 -219.00 -146.41
