8.32 8.84 7.72 8.88 8.91
22.68 10.34 20.17 1.04 5.33
3.99 1.96 28.65 0.73 3.20
0.93 5.33 1.33 6.55 18.05
24.59 22.74 0.57 5.79 20.69
22.49 22.99 2.91 0.96 28.95
1.95 2.45 20.68 20.72 25.64
4.58 19.29 1.83 10.05 28.31
19.92 13.08 23.19 20.04 13.50
17.81 3.32 1.98 13.35 1.89
10.84 7.29 28.62 1.08 2.58
23.89 14.17 2.40 25.27 6.96
20.03 2.94 4.35 1.09 6.83
22.51 0.45 5.37 9.67 22.91
5.90 19.86 23.08 10.87 0.77
0.82 5.90 6.99 16.99 14.72
20.08 13.74 18.02 7.12 23.89
13.01 3.57 22.78 3.09 18.70
1.20 13.82 22.43 15.17 7.62
13.78 1.00 13.40 15.42 2.56
2.19 17.35 0.82 13.14 47.42
15.60 13.09 8.51 25.40 25.78
36.23 2.24 1.54 22.56 1.03
18.43 15.47 9.51 12.04 18.14
2.60 34.12 5.04 13.54 0.61
3.54 1.72 4.31 12.64 2.83
0.90 4.41 19.92 31.33 23.84
18.19 9.56 6.42 22.63 24.74
2.80 13.46 5.02 13.69 4.30
3.31 28.78 6.46 2.53 10.70
27.73 23.14 0.86 41.53 11.46
37.91 8.53 18.51 35.21 0.98
10.73 11.14 5.86 6.59 14.66
2.15 7.16 3.84 16.10 8.09
46.17 0.54 5.22 6.75 19.61
26.59 2.94 0.97 45.59 3.32
1.81 5.45 6.40 11.72 40.98
50.04 1.27 2.68 18.77 29.66
19.50 22.98 15.50 1.31 3.89
29.16 15.27 23.38 9.32 5.69
14.30 1.63 10.47 12.46 22.83
1.87 4.85 4.66 2.00 4.32
37.74 4.22 7.83 7.87 5.42
3.61 21.02 5.47 42.42 2.28
5.39 6.20 26.25 22.99 38.94
7.66 14.43 14.46 23.13 8.79
25.13 2.64 5.54 1.57 3.54
4.29 19.89 13.23 16.65 31.56
3.86 26.23 31.37 29.66 2.17
46.07 9.72 13.55 10.28 3.10
36.91 20.64 9.85 11.03 7.11
22.88 3.24 9.38 5.59 9.53
1.04 18.30 7.05 40.27 10.46
28.10 8.86 6.02 63.48 3.38
7.55 2.59 8.94 3.40 2.16
