234.13 222.83 226.47 256.50 258.58
177.88 215.98 219.81 210.59 102.58
253.85 105.92 235.74 218.86 307.27
128.97 72.72 411.39 135.91 276.55
224.82 254.33 145.51 243.34 273.20
150.83 140.51 282.77 250.31 226.89
197.41 319.87 253.42 166.13 182.23
222.70 207.40 341.77 240.81 216.54
144.83 255.77 158.53 195.49 253.77
181.02 203.60 207.97 294.45 376.01
168.03 84.65 147.57 60.09 344.15
177.23 249.34 103.49 137.21 236.87
235.52 135.01 150.76 176.63 338.05
256.11 452.59 230.15 261.19 240.29
316.60 176.51 275.81 183.18 257.96
265.49 296.26 92.61 162.18 186.77
236.43 188.57 252.57 176.79 190.06
292.19 113.14 252.66 111.91 227.96
165.27 190.36 233.57 268.61 212.86
278.63 304.31 180.15 215.68 186.91
354.81 128.04 281.47 286.69 192.91
203.97 188.37 224.14 225.57 172.90
196.82 199.14 307.07 256.86 309.88
177.88 183.90 164.49 324.11 230.60
305.51 217.76 193.18 173.13 241.72
161.33 32.59 175.55 210.05 209.74
387.73 130.41 212.77 227.17 226.37
182.47 354.62 197.77 148.34 159.79
399.27 297.80 181.36 292.95 55.46
175.53 141.62 169.97 416.34 231.52
147.46 183.32 281.15 169.07 115.06
185.92 237.76 176.93 127.41 373.86
297.88 122.76 292.51 274.03 262.56
272.66 222.74 113.40 107.44 204.56
109.26 94.92 75.43 319.33 271.99
204.99 58.10 247.50 169.73 232.83
390.59 194.49 350.03 151.40 203.97
178.91 336.38 235.69 166.26 191.56
218.31 168.82 231.14 374.10 131.51
215.94 233.06 185.82 199.55 130.53
112.32 295.72 301.95 250.08 201.12
305.94 312.17 408.41 134.88 429.84
370.10 278.49 56.80 226.03 153.62
333.09 162.05 182.54 150.89 78.77
279.62 230.06 220.81 191.67 223.61
118.85 68.26 42.88 67.15 55.30
336.74 325.17 387.06 491.27 148.05
275.36 319.41 162.14 214.82 212.94
473.78 187.80 204.94 248.65 559.99
223.71 213.22 264.23 243.18 561.69
149.56 210.72 241.77 389.21 355.05
170.17 219.82 423.49 79.96 95.99
408.47 88.51 300.66 161.48 151.24
279.66 192.97 233.74 183.55 211.89
488.71 491.21 313.57 288.14 364.25
